Patient_ID	Tumor_Sample_Barcode	Chromosome	Start_Position	End_Position	num.snps	CopyNumber	Major_CN	Minor_CN
BRCA	BRCA_1	1	898852	12907351	137	2	1	1
BRCA	BRCA_1	1	15428057	121129557	451	2	1	1
BRCA	BRCA_1	1	143767513	152079989	102	4	3	1
BRCA	BRCA_1	1	152284549	249150116	566	4	3	1
BRCA	BRCA_1	2	224919	88879131	281	2	1	1
BRCA	BRCA_1	2	98129670	242815059	645	2	1	1
BRCA	BRCA_1	3	1262474	75713566	266	2	1	1
BRCA	BRCA_1	3	75714298	89521693	148	2	1	1
BRCA	BRCA_1	3	93593119	195451917	327	2	1	1
BRCA	BRCA_1	4	289877	48988450	178	2	1	1
BRCA	BRCA_1	4	53751932	190947046	295	2	1	1
BRCA	BRCA_1	5	50685505	180651231	381	2	1	1
BRCA	BRCA_1	6	348155	32006387	189	2	1	1
BRCA	BRCA_1	6	33136310	57512678	161	2	1	1
BRCA	BRCA_1	6	62390916	170871064	281	2	1	1
BRCA	BRCA_1	7	878471	57194309	236	2	1	1
BRCA	BRCA_1	7	63679733	100488658	158	2	1	1
BRCA	BRCA_1	7	101194424	158902567	238	2	1	1
BRCA	BRCA_1	8	1514009	42044954	163	2	1	1
BRCA	BRCA_1	8	48885621	146067054	238	2	1	1
BRCA	BRCA_1	9	116800	43861081	127	2	1	1
BRCA	BRCA_1	9	69256816	141008876	375	2	1	1
BRCA	BRCA_1	10	93603	38407519	130	3	2	1
BRCA	BRCA_1	10	43088919	126683225	353	3	2	1
BRCA	BRCA_1	11	1619202	48347419	234	2	1	1
BRCA	BRCA_1	11	56237487	134244123	446	2	1	1
BRCA	BRCA_1	12	274647	10783729	104	2	1	1
BRCA	BRCA_1	12	38710819	133435716	445	2	1	1
BRCA	BRCA_1	13	28239970	115030714	138	2	1	1
BRCA	BRCA_1	14	20216298	105995534	417	2	1	1
BRCA	BRCA_1	15	23931507	102224341	406	2	1	1
BRCA	BRCA_1	16	129654	32265022	239	3	2	1
BRCA	BRCA_1	16	71317921	90124871	136	1	1	0
BRCA	BRCA_1	17	650309	21205460	250	2	1	1
BRCA	BRCA_1	17	26092631	45219332	250	2	1	1
BRCA	BRCA_1	17	45364540	81043039	262	2	1	1
BRCA	BRCA_1	18	18534948	77918221	146	2	1	1
BRCA	BRCA_1	19	407900	24310032	534	2	1	1
BRCA	BRCA_1	19	30193653	59082605	557	2	1	1
BRCA	BRCA_1	20	30064331	62871232	144	2	1	1
BRCA	BRCA_1	21	14982577	47704896	148	2	1	1
BRCA	BRCA_1	22	17444640	51183255	261	2	1	1
BRCA	BRCA_1	X	3228411	57358200	110	2	1	1
BRCA	BRCA_1	X	68725640	154282912	125	2	1	1
BRCA	BRCA_2	1	898852	12907370	138	2	1	1
BRCA	BRCA_2	1	13802325	121129557	449	2	1	1
BRCA	BRCA_2	1	143767513	152129094	105	4	3	1
BRCA	BRCA_2	1	152281534	249150116	566	4	3	1
BRCA	BRCA_2	2	224919	88879131	281	2	1	1
BRCA	BRCA_2	2	98164184	242815059	631	2	1	1
BRCA	BRCA_2	3	1262474	75713566	263	2	1	1
BRCA	BRCA_2	3	75714298	89521693	148	3	2	1
BRCA	BRCA_2	3	93593119	195456561	340	2	1	1
BRCA	BRCA_2	4	289877	48988450	178	2	1	1
BRCA	BRCA_2	4	53751932	190947046	295	2	1	1
BRCA	BRCA_2	5	50685505	180651231	381	2	1	1
BRCA	BRCA_2	6	348155	32154226	189	2	1	1
BRCA	BRCA_2	6	33235755	57512678	159	2	1	1
BRCA	BRCA_2	6	62390916	170871064	281	2	1	1
BRCA	BRCA_2	7	878471	57194309	235	2	1	1
BRCA	BRCA_2	7	63679733	100486656	157	2	1	1
BRCA	BRCA_2	7	100680538	158902567	251	2	1	1
BRCA	BRCA_2	8	1514009	42044954	163	2	1	1
BRCA	BRCA_2	8	48885621	144689146	204	2	1	1
BRCA	BRCA_2	9	116800	43861081	127	2	1	1
BRCA	BRCA_2	9	69256816	141008876	376	2	1	1
BRCA	BRCA_2	10	93603	38407519	129	3	2	1
BRCA	BRCA_2	10	43088919	135438977	450	3	2	1
BRCA	BRCA_2	11	1780205	48347419	229	2	1	1
BRCA	BRCA_2	11	56237487	134244123	446	2	1	1
BRCA	BRCA_2	12	274647	10783729	104	2	2	0
BRCA	BRCA_2	12	38710819	133435716	445	2	1	1
BRCA	BRCA_2	13	20224387	115030714	219	2	1	1
BRCA	BRCA_2	14	19378030	105995534	426	2	1	1
BRCA	BRCA_2	15	23931507	102224341	406	2	1	1
BRCA	BRCA_2	16	129654	32265022	239	3	2	1
BRCA	BRCA_2	16	71509588	90124871	135	1	1	0
BRCA	BRCA_2	17	650309	21216846	255	2	1	1
BRCA	BRCA_2	17	26092631	45214699	227	2	1	1
BRCA	BRCA_2	17	45364540	81043039	259	2	1	1
BRCA	BRCA_2	18	18534948	77918221	145	2	1	1
BRCA	BRCA_2	19	422238	24310032	531	2	1	1
BRCA	BRCA_2	19	30193653	59082605	556	2	1	1
BRCA	BRCA_2	20	30064331	62871232	146	2	1	1
BRCA	BRCA_2	21	14982577	47704896	148	2	1	1
BRCA	BRCA_2	22	17444640	51183255	260	2	1	1
BRCA	BRCA_2	X	3228411	57358200	110	2	1	1
BRCA	BRCA_2	X	68725640	154282912	127	2	1	1
BRCA	BRCA_3	1	2938265	121129557	582	2	1	1
BRCA	BRCA_3	1	143767513	249150116	704	7	6	1
BRCA	BRCA_3	2	224919	88879131	282	2	1	1
BRCA	BRCA_3	2	95542332	179300971	287	1	1	0
BRCA	BRCA_3	2	179358665	242815059	419	2	1	1
BRCA	BRCA_3	3	1262474	75713566	263	2	1	1
BRCA	BRCA_3	3	75714298	89521693	148	2	2	0
BRCA	BRCA_3	3	93593119	195451917	327	2	1	1
BRCA	BRCA_3	4	289877	48988450	178	2	1	1
BRCA	BRCA_3	4	53751932	190947046	296	2	1	1
BRCA	BRCA_3	5	50685505	180651231	380	2	1	1
BRCA	BRCA_3	6	33136310	57512678	161	3	2	1
BRCA	BRCA_3	6	62390916	170871064	280	2	1	1
BRCA	BRCA_3	7	878471	57194309	236	3	2	1
BRCA	BRCA_3	7	63679733	158902567	615	2	1	1
BRCA	BRCA_3	8	1514009	42044954	164	2	1	1
BRCA	BRCA_3	8	48885621	146067054	236	2	1	1
BRCA	BRCA_3	9	116800	43861081	127	3	2	1
BRCA	BRCA_3	9	69256816	141008876	379	2	1	1
BRCA	BRCA_3	10	93603	38407519	129	5	4	1
BRCA	BRCA_3	10	43088919	135438977	448	4	3	1
BRCA	BRCA_3	11	1780205	48347419	229	2	1	1
BRCA	BRCA_3	11	56237487	134244123	446	2	1	1
BRCA	BRCA_3	12	274647	10783729	104	2	1	1
BRCA	BRCA_3	12	38710819	133435716	445	2	1	1
BRCA	BRCA_3	13	26788114	115030714	140	3	2	1
BRCA	BRCA_3	14	19378030	105995534	425	2	1	1
BRCA	BRCA_3	15	20739739	102224341	434	2	1	1
BRCA	BRCA_3	16	129654	32265022	239	5	4	1
BRCA	BRCA_3	16	71509588	90124871	135	0	0	0
BRCA	BRCA_3	17	650309	21203949	242	2	1	1
BRCA	BRCA_3	17	26092631	45219364	253	2	1	1
BRCA	BRCA_3	17	45249306	81043039	271	2	1	1
BRCA	BRCA_3	18	18534948	77918221	146	2	1	1
BRCA	BRCA_3	19	407900	24310032	529	2	1	1
BRCA	BRCA_3	19	30193653	59082605	557	2	1	1
BRCA	BRCA_3	20	30064331	62871232	143	2	1	1
BRCA	BRCA_3	21	14982577	47704896	147	2	1	1
BRCA	BRCA_3	22	17444640	51183255	260	2	1	1
BRCA	BRCA_3	X	3228411	57358200	110	2	1	1
BRCA	BRCA_3	X	68725640	154282912	126	2	1	1
BRCA	BRCA_4	1	898852	121129557	619	2	1	1
BRCA	BRCA_4	1	143767513	152079989	102	11	11	0
BRCA	BRCA_4	1	152284549	249150116	564	12	11	1
BRCA	BRCA_4	2	224919	88879131	280	1	1	0
BRCA	BRCA_4	2	95542332	242815059	707	1	1	0
BRCA	BRCA_4	3	1262474	75713566	264	2	1	1
BRCA	BRCA_4	3	75714298	89521693	148	4	3	1
BRCA	BRCA_4	3	93593119	195505788	341	2	1	1
BRCA	BRCA_4	4	289877	48988450	178	2	1	1
BRCA	BRCA_4	4	53751932	190947046	295	2	1	1
BRCA	BRCA_4	5	50685505	180651231	381	2	1	1
BRCA	BRCA_4	6	348155	31238910	164	2	1	1
BRCA	BRCA_4	6	33136310	57512678	161	2	1	1
BRCA	BRCA_4	6	62390916	170871064	281	2	1	1
BRCA	BRCA_4	7	878471	57194309	233	2	1	1
BRCA	BRCA_4	7	63679733	158902567	615	2	1	1
BRCA	BRCA_4	8	1514009	42044954	162	1	1	0
BRCA	BRCA_4	8	48885621	146067054	235	1	1	0
BRCA	BRCA_4	9	116800	43861081	127	0	0	0
BRCA	BRCA_4	9	69256816	141008876	377	0	0	0
BRCA	BRCA_4	10	93603	38407519	129	6	5	1
BRCA	BRCA_4	10	43088919	135438977	446	5	4	1
BRCA	BRCA_4	11	1780205	48347419	230	2	1	1
BRCA	BRCA_4	11	56237487	134244123	448	2	1	1
BRCA	BRCA_4	12	274647	32777362	186	2	1	1
BRCA	BRCA_4	12	38710819	133435716	445	2	1	1
BRCA	BRCA_4	13	20224387	115030714	217	1	1	0
BRCA	BRCA_4	14	19378030	105995534	426	2	1	1
BRCA	BRCA_4	15	20739739	102224341	433	0	0	0
BRCA	BRCA_4	16	129654	32265022	238	7	6	1
BRCA	BRCA_4	16	71509588	90124871	135	0	0	0
BRCA	BRCA_4	17	650309	21318663	258	2	1	1
BRCA	BRCA_4	17	26092631	81043039	559	2	1	1
BRCA	BRCA_4	18	18534948	77918221	145	1	1	0
BRCA	BRCA_4	19	422238	24310032	528	2	1	1
BRCA	BRCA_4	19	30193653	59082605	556	2	1	1
BRCA	BRCA_4	20	30064331	62871232	144	2	1	1
BRCA	BRCA_4	21	14982577	47704896	148	1	1	0
BRCA	BRCA_4	22	17444640	51183255	260	0	0	0
BRCA	BRCA_4	X	3228411	57358200	110	0	0	0
BRCA	BRCA_4	X	68725640	154282912	125	0	0	0
BRCA	BRCA_5	1	898852	12907316	135	2	1	1
BRCA	BRCA_5	1	13802325	121129557	450	2	1	1
BRCA	BRCA_5	1	143767513	153431380	180	8	7	1
BRCA	BRCA_5	1	153509892	237058828	474	10	9	1
BRCA	BRCA_5	2	224919	70402903	205	2	1	1
BRCA	BRCA_5	2	98129670	242815059	646	2	1	1
BRCA	BRCA_5	3	1262474	69246152	259	2	1	1
BRCA	BRCA_5	3	73111368	89521693	157	1	1	0
BRCA	BRCA_5	3	93593119	195453014	334	2	1	1
BRCA	BRCA_5	4	289877	48988450	180	2	1	1
BRCA	BRCA_5	4	53751932	190947046	296	2	1	1
BRCA	BRCA_5	5	50685505	180651231	381	2	1	1
BRCA	BRCA_5	6	348155	31238910	164	5	3	2
BRCA	BRCA_5	6	33138929	57512678	161	2	1	1
BRCA	BRCA_5	6	62390916	170871064	282	2	1	1
BRCA	BRCA_5	7	878471	57194309	236	2	1	1
BRCA	BRCA_5	7	63679733	100488658	158	2	1	1
BRCA	BRCA_5	7	101194424	158902567	239	2	1	1
BRCA	BRCA_5	8	1514009	42044954	163	2	1	1
BRCA	BRCA_5	8	48885621	146067054	239	2	1	1
BRCA	BRCA_5	9	69256816	141008876	379	2	1	1
BRCA	BRCA_5	10	93603	38407519	130	7	6	1
BRCA	BRCA_5	10	43088919	126683225	355	6	5	1
BRCA	BRCA_5	11	1619202	48347419	233	2	1	1
BRCA	BRCA_5	11	56237487	134244123	451	2	1	1
BRCA	BRCA_5	12	38710819	133435716	446	2	1	1
BRCA	BRCA_5	13	20224387	115030714	218	2	1	1
BRCA	BRCA_5	14	20692291	105995534	400	2	1	1
BRCA	BRCA_5	15	35045057	102224341	334	2	1	1
BRCA	BRCA_5	16	129654	32265022	242	6	5	1
BRCA	BRCA_5	16	48258198	90124871	272	0	0	0
BRCA	BRCA_5	17	650309	19750168	237	2	1	1
BRCA	BRCA_5	17	26092631	45214699	228	2	1	1
BRCA	BRCA_5	17	45234702	81043039	279	2	1	1
BRCA	BRCA_5	18	18534948	77918221	146	2	1	1
BRCA	BRCA_5	19	407900	8987218	242	2	1	1
BRCA	BRCA_5	19	10132290	24310032	185	2	1	1
BRCA	BRCA_5	19	30193653	59082605	557	1	1	0
BRCA	BRCA_5	20	30064331	62871232	145	2	1	1
BRCA	BRCA_5	21	14982577	47704896	148	2	1	1
BRCA	BRCA_5	22	17444640	51183255	264	2	1	1
BRCA	BRCA_5	X	3228411	57358200	110	0	0	0
BRCA	BRCA_5	X	68725640	154282912	126	0	0	0
READ	READ_1	1	2938265	116243877	534	1	1	0
READ	READ_1	1	143767513	153043257	178	2	1	1
READ	READ_1	1	153431380	249150116	519	3	2	1
READ	READ_1	2	224919	88879131	278	2	1	1
READ	READ_1	2	100046372	242815059	617	2	1	1
READ	READ_1	3	1262474	74344356	258	2	1	1
READ	READ_1	3	75713566	89521693	149	1	1	0
READ	READ_1	3	93593119	191093175	315	2	1	1
READ	READ_1	3	191093310	197670652	167	2	2	0
READ	READ_1	4	289877	48988450	175	1	1	0
READ	READ_1	4	53751932	190947046	293	1	1	0
READ	READ_1	5	50685505	180651231	377	2	1	1
READ	READ_1	6	25420350	32713784	208	2	1	1
READ	READ_1	6	33136310	57512678	161	2	1	1
READ	READ_1	6	62390916	170871064	279	2	1	1
READ	READ_1	7	878471	57194309	233	2	2	0
READ	READ_1	7	66098384	100386900	132	2	2	0
READ	READ_1	7	100771717	158902567	237	2	2	0
READ	READ_1	8	1514009	42044954	161	1	1	0
READ	READ_1	8	48885621	128428638	134	2	2	0
READ	READ_1	9	116800	43861081	127	2	1	1
READ	READ_1	9	69256816	141008876	373	2	1	1
READ	READ_1	10	93603	38407519	129	2	1	1
READ	READ_1	10	43088919	135438977	440	2	1	1
READ	READ_1	11	193722	48347419	359	2	1	1
READ	READ_1	11	55136125	60776306	117	1	1	0
READ	READ_1	11	61487690	134244123	396	1	1	0
READ	READ_1	12	274647	32777362	185	2	2	0
READ	READ_1	12	38710819	133435716	445	2	1	1
READ	READ_1	13	20224387	115030714	216	4	3	1
READ	READ_1	14	19378030	105407798	362	2	1	1
READ	READ_1	15	20739739	102224341	427	2	2	0
READ	READ_1	16	129654	25263278	200	1	1	0
READ	READ_1	16	48258198	90124871	270	2	1	1
READ	READ_1	17	650309	21319943	281	2	1	1
READ	READ_1	17	45364540	81043039	258	2	1	1
READ	READ_1	18	18534948	77918221	143	1	1	0
READ	READ_1	19	407900	24310032	525	2	1	1
READ	READ_1	19	30193653	59082605	553	2	1	1
READ	READ_1	20	30064331	62871232	143	3	2	1
READ	READ_1	21	14982577	47704896	147	2	1	1
READ	READ_1	22	17444640	51183255	255	1	1	0
READ	READ_1	X	3228411	57358200	109	2	1	1
READ	READ_1	X	68725640	154282912	123	2	1	1
READ	READ_2	1	2938697	114505000	531	1	1	0
READ	READ_2	1	143767513	249150116	706	3	2	1
READ	READ_2	2	224919	70408938	205	2	1	1
READ	READ_2	2	98128449	242815059	648	2	1	1
READ	READ_2	3	1262474	74344356	264	2	1	1
READ	READ_2	3	75713566	89521693	149	2	2	0
READ	READ_2	3	93593119	195447886	326	2	1	1
READ	READ_2	4	289877	48988450	177	1	1	0
READ	READ_2	4	53751932	190947046	295	1	1	0
READ	READ_2	5	50685505	180651231	381	2	1	1
READ	READ_2	6	348155	31238910	164	2	1	1
READ	READ_2	6	33136310	57512678	162	2	1	1
READ	READ_2	6	62390916	170871064	281	2	1	1
READ	READ_2	7	878471	57194309	239	3	3	0
READ	READ_2	7	72178756	100488658	138	2	2	0
READ	READ_2	7	100634476	158902567	314	2	2	0
READ	READ_2	8	1514009	42044954	163	1	1	0
READ	READ_2	8	48885621	143694775	172	2	1	1
READ	READ_2	9	116800	43861081	127	2	1	1
READ	READ_2	9	69256816	141008876	377	2	1	1
READ	READ_2	10	93603	38407519	129	2	1	1
READ	READ_2	10	43088919	126683225	354	2	1	1
READ	READ_2	11	1019375	48347419	254	2	1	1
READ	READ_2	11	55136125	134244123	518	1	1	0
READ	READ_2	12	38710819	133435716	445	2	1	1
READ	READ_2	13	28239940	115030714	143	5	4	1
READ	READ_2	14	19378030	105995534	427	2	1	1
READ	READ_2	15	34542872	52404862	123	1	1	0
READ	READ_2	15	52517714	102224341	228	2	2	0
READ	READ_2	16	129654	25263278	205	1	1	0
READ	READ_2	16	48258198	90124871	275	2	1	1
READ	READ_2	17	650309	21217513	259	2	1	1
READ	READ_2	17	26092631	45221318	258	2	1	1
READ	READ_2	17	45364540	81043039	262	2	1	1
READ	READ_2	18	18534948	77918221	145	1	1	0
READ	READ_2	19	407900	24310032	533	2	1	1
READ	READ_2	19	33693785	59082605	547	2	1	1
READ	READ_2	20	30064331	62871232	147	3	2	1
READ	READ_2	21	14982577	47704896	151	2	1	1
READ	READ_2	22	17444640	51183255	263	1	1	0
READ	READ_2	X	3228411	57358200	110	2	1	1
READ	READ_2	X	68725640	154282912	126	2	1	1
READ	READ_3	1	2938265	116534852	539	1	1	0
READ	READ_3	1	143767513	249150116	705	3	2	1
READ	READ_3	2	224919	88879131	282	2	1	1
READ	READ_3	2	98129670	242815059	644	2	1	1
READ	READ_3	3	1262474	75713566	267	2	1	1
READ	READ_3	3	75714298	89521693	148	2	1	1
READ	READ_3	3	93593119	195063347	325	2	1	1
READ	READ_3	4	289877	48988450	177	1	1	0
READ	READ_3	4	53751932	190947046	296	1	1	0
READ	READ_3	5	50685505	180651231	380	2	1	1
READ	READ_3	6	348155	31238910	164	2	1	1
READ	READ_3	6	32549611	57512678	193	2	1	1
READ	READ_3	6	62390916	170871064	281	2	1	1
READ	READ_3	7	878471	48315360	212	2	2	0
READ	READ_3	7	72178756	100488658	138	2	2	0
READ	READ_3	7	100680983	158902567	251	2	2	0
READ	READ_3	8	1514009	42044954	164	1	1	0
READ	READ_3	8	48885621	128428823	137	2	1	1
READ	READ_3	9	116800	43861081	127	2	1	1
READ	READ_3	9	69256816	141008876	376	2	1	1
READ	READ_3	10	3172145	38407519	120	2	1	1
READ	READ_3	10	43088919	126683225	353	2	1	1
READ	READ_3	11	1780205	48347419	230	2	1	1
READ	READ_3	11	56954846	134244123	417	1	1	0
READ	READ_3	12	274647	10783729	104	2	1	1
READ	READ_3	12	38710819	133435716	445	2	1	1
READ	READ_3	13	26788114	115030714	143	4	3	1
READ	READ_3	14	19378030	105995534	426	2	1	1
READ	READ_3	15	33872177	51676020	120	1	1	0
READ	READ_3	15	51689772	102224341	237	2	2	0
READ	READ_3	16	774692	25263278	187	1	1	0
READ	READ_3	16	48258198	90124871	275	2	1	1
READ	READ_3	17	650309	21217513	258	2	1	1
READ	READ_3	17	26092631	45221318	258	2	1	1
READ	READ_3	17	45364540	81043039	263	2	1	1
READ	READ_3	18	18534948	77918221	146	1	1	0
READ	READ_3	19	407900	24310032	535	2	1	1
READ	READ_3	19	33878837	59082605	540	2	1	1
READ	READ_3	20	30064331	62871232	147	3	2	1
READ	READ_3	21	14982577	47704896	148	2	1	1
READ	READ_3	22	17444640	45767455	229	1	1	0
READ	READ_3	X	3228411	57358200	110	2	1	1
READ	READ_3	X	68725640	154282912	126	2	1	1
READ	READ_4	1	2938265	116243877	535	1	1	0
READ	READ_4	1	143767513	249150116	703	3	2	1
READ	READ_4	2	224919	88879131	280	2	1	1
READ	READ_4	2	98129670	242815059	646	2	1	1
READ	READ_4	3	1262474	73111809	256	2	1	1
READ	READ_4	3	73111973	89521693	155	2	1	1
READ	READ_4	3	93593119	195505788	341	2	1	1
READ	READ_4	4	289877	48988450	178	1	1	0
READ	READ_4	4	53751932	190947046	295	1	1	0
READ	READ_4	5	50685505	180651231	380	2	1	1
READ	READ_4	6	348155	32487215	200	2	1	1
READ	READ_4	6	33136310	57512678	161	2	1	1
READ	READ_4	6	62390916	170871064	281	2	1	1
READ	READ_4	7	878471	57194309	235	2	2	0
READ	READ_4	7	63679733	100549548	173	2	2	0
READ	READ_4	7	100680983	158902567	251	2	2	0
READ	READ_4	8	1514009	42044954	162	1	1	0
READ	READ_4	8	48885621	133045399	138	2	1	1
READ	READ_4	9	116800	43861081	127	2	1	1
READ	READ_4	9	69256816	141008876	377	2	1	1
READ	READ_4	10	93603	38407519	129	2	1	1
READ	READ_4	10	43088919	126686564	354	2	1	1
READ	READ_4	11	1254268	48347419	250	2	1	1
READ	READ_4	11	55136125	134244123	516	1	1	0
READ	READ_4	12	274647	32777362	186	2	1	1
READ	READ_4	12	38710819	133435716	445	2	1	1
READ	READ_4	13	26788114	115030714	141	4	3	1
READ	READ_4	14	19378030	105995534	425	2	1	1
READ	READ_4	15	23931507	51676020	169	1	1	0
READ	READ_4	15	51689772	102224341	236	2	2	0
READ	READ_4	16	129654	25263278	202	1	1	0
READ	READ_4	16	48258198	90124871	273	2	1	1
READ	READ_4	17	650309	21319943	283	2	1	1
READ	READ_4	17	26092631	45221318	258	2	1	1
READ	READ_4	17	45234702	81043039	275	2	1	1
READ	READ_4	18	18534948	77918221	145	1	1	0
READ	READ_4	19	422238	24310032	527	2	1	1
READ	READ_4	19	34884959	59082605	538	2	1	1
READ	READ_4	20	30064331	62871232	145	3	2	1
READ	READ_4	21	14982577	47704896	148	2	1	1
READ	READ_4	22	17444640	45749983	227	1	1	0
READ	READ_4	X	3228411	57358200	110	2	1	1
READ	READ_4	X	68725640	154282912	126	2	1	1
READ	READ_5	1	2938265	116243877	537	1	1	0
READ	READ_5	1	143767513	249150116	706	4	2	2
READ	READ_5	2	224919	88879131	282	2	1	1
READ	READ_5	2	98128515	242815059	649	2	1	1
READ	READ_5	3	1262474	74344356	266	2	1	1
READ	READ_5	3	75713566	89521693	149	2	2	0
READ	READ_5	3	93593119	195451917	327	2	1	1
READ	READ_5	4	289877	48988450	180	1	1	0
READ	READ_5	4	53751932	190947046	296	1	1	0
READ	READ_5	5	50685505	180651231	381	2	1	1
READ	READ_5	6	348155	31238930	165	3	2	1
READ	READ_5	6	33136310	57512678	162	3	2	1
READ	READ_5	6	62390916	170871064	282	2	1	1
READ	READ_5	7	878471	57194309	239	4	3	1
READ	READ_5	7	63679733	100547308	163	3	3	0
READ	READ_5	7	100607871	158902567	325	3	3	0
READ	READ_5	8	1514009	42044954	163	1	1	0
READ	READ_5	8	48885621	146067054	238	2	1	1
READ	READ_5	9	116800	43861081	127	2	1	1
READ	READ_5	9	69256816	141008876	377	2	1	1
READ	READ_5	10	93603	38407519	129	3	2	1
READ	READ_5	10	43088919	126678092	323	2	1	1
READ	READ_5	11	1780205	45249314	189	2	1	1
READ	READ_5	11	55136125	134244123	517	1	1	0
READ	READ_5	12	274647	32777362	186	2	1	1
READ	READ_5	12	38710819	133435716	446	2	1	1
READ	READ_5	13	20224387	115030714	221	6	5	1
READ	READ_5	14	19378030	105995534	429	2	1	1
READ	READ_5	15	43893072	102224341	256	2	2	0
READ	READ_5	16	129654	25263278	205	1	1	0
READ	READ_5	16	48258198	90124871	277	2	1	1
READ	READ_5	17	650309	21203949	243	2	1	1
READ	READ_5	17	26092631	81043039	560	2	1	1
READ	READ_5	18	18534948	77918221	146	1	1	0
READ	READ_5	19	407900	8987218	242	3	2	1
READ	READ_5	19	9019605	24310032	267	2	1	1
READ	READ_5	19	30193653	59082605	556	2	1	1
READ	READ_5	20	30064331	62871232	147	4	2	2
READ	READ_5	21	14982577	47704896	149	2	1	1
READ	READ_5	22	17444640	51183255	261	2	2	0
READ	READ_5	X	3228411	57358200	110	2	1	1
READ	READ_5	X	68725640	154282912	125	2	1	1
OvaryLM	OvaryLM_1	1	2938697	116206423	534	2	2	0
OvaryLM	OvaryLM_1	1	143767513	249150116	705	5	3	2
OvaryLM	OvaryLM_1	2	224919	88879131	282	3	2	1
OvaryLM	OvaryLM_1	2	95542332	242815059	704	3	2	1
OvaryLM	OvaryLM_1	3	1262474	89521693	415	3	2	1
OvaryLM	OvaryLM_1	3	93593119	195456561	340	3	2	1
OvaryLM	OvaryLM_1	4	289877	48988450	178	2	2	0
OvaryLM	OvaryLM_1	4	53751932	190947046	295	2	2	0
OvaryLM	OvaryLM_1	5	50685505	180651231	381	3	2	1
OvaryLM	OvaryLM_1	6	348155	34831866	282	4	3	1
OvaryLM	OvaryLM_1	6	34949607	57512678	145	5	3	2
OvaryLM	OvaryLM_1	6	69666684	170871064	264	2	2	0
OvaryLM	OvaryLM_1	7	878471	57194309	238	7	5	2
OvaryLM	OvaryLM_1	7	72178756	100488658	138	4	4	0
OvaryLM	OvaryLM_1	7	100680983	158902567	251	4	4	0
OvaryLM	OvaryLM_1	8	1514009	42044954	162	1	1	0
OvaryLM	OvaryLM_1	8	48885621	146067054	235	2	1	1
OvaryLM	OvaryLM_1	9	116800	43861081	127	5	4	1
OvaryLM	OvaryLM_1	9	69256816	136662928	314	3	2	1
OvaryLM	OvaryLM_1	10	93603	38407519	129	3	2	1
OvaryLM	OvaryLM_1	10	43088919	135438977	447	3	2	1
OvaryLM	OvaryLM_1	11	1253969	48347419	253	3	2	1
OvaryLM	OvaryLM_1	11	56954846	134244123	419	2	2	0
OvaryLM	OvaryLM_1	12	274647	32777362	186	3	2	1
OvaryLM	OvaryLM_1	12	38710819	133435716	445	3	2	1
OvaryLM	OvaryLM_1	13	20224387	115030714	221	6	5	1
OvaryLM	OvaryLM_1	14	19378030	105995534	427	3	2	1
OvaryLM	OvaryLM_1	15	33873751	43893072	101	2	2	0
OvaryLM	OvaryLM_1	15	44849698	102224341	254	3	2	1
OvaryLM	OvaryLM_1	16	774692	25263278	189	2	2	0
OvaryLM	OvaryLM_1	16	48258198	90124871	274	3	2	1
OvaryLM	OvaryLM_1	17	650309	21319943	285	3	2	1
OvaryLM	OvaryLM_1	17	26092631	81043039	561	3	2	1
OvaryLM	OvaryLM_1	18	18534948	77918221	146	2	2	0
OvaryLM	OvaryLM_1	19	407900	24310032	535	4	2	2
OvaryLM	OvaryLM_1	19	30193653	59082605	558	4	2	2
OvaryLM	OvaryLM_1	20	30064331	62871232	147	5	3	2
OvaryLM	OvaryLM_1	21	14982577	47704896	147	2	1	1
OvaryLM	OvaryLM_1	22	17444640	45937149	235	2	2	0
OvaryLM	OvaryLM_1	X	3228411	57358200	110	2	2	0
OvaryLM	OvaryLM_1	X	68725640	154282912	126	2	1	1
OvaryLM	OvaryLM_2	1	2938265	117142613	540	2	2	0
OvaryLM	OvaryLM_2	1	143767513	249150116	704	5	3	2
OvaryLM	OvaryLM_2	2	224919	88879131	282	3	2	1
OvaryLM	OvaryLM_2	2	95542332	242815059	706	3	2	1
OvaryLM	OvaryLM_2	3	1262474	89521693	413	3	2	1
OvaryLM	OvaryLM_2	3	93593119	195505788	341	3	2	1
OvaryLM	OvaryLM_2	4	289877	48988450	179	2	2	0
OvaryLM	OvaryLM_2	4	53751932	187630590	285	2	2	0
OvaryLM	OvaryLM_2	5	50685505	180651231	380	3	2	1
OvaryLM	OvaryLM_2	6	348155	57512678	428	5	3	2
OvaryLM	OvaryLM_2	6	69666684	170871064	264	2	2	0
OvaryLM	OvaryLM_2	7	878471	57194309	239	7	5	2
OvaryLM	OvaryLM_2	7	72418992	100488658	132	4	4	0
OvaryLM	OvaryLM_2	7	100680538	158902567	252	4	4	0
OvaryLM	OvaryLM_2	8	1514009	42044954	162	1	1	0
OvaryLM	OvaryLM_2	8	48885621	144457746	193	2	1	1
OvaryLM	OvaryLM_2	9	16830	43861081	128	5	3	2
OvaryLM	OvaryLM_2	9	69256816	136412170	302	3	2	1
OvaryLM	OvaryLM_2	10	93603	38407519	130	3	2	1
OvaryLM	OvaryLM_2	10	43088919	135438977	448	3	2	1
OvaryLM	OvaryLM_2	11	193722	48347419	361	3	2	1
OvaryLM	OvaryLM_2	11	56954846	134244123	419	2	2	0
OvaryLM	OvaryLM_2	12	274647	32777362	186	3	2	1
OvaryLM	OvaryLM_2	12	38710819	133435716	445	3	2	1
OvaryLM	OvaryLM_2	13	20224387	115030714	220	6	5	1
OvaryLM	OvaryLM_2	14	19378030	105995534	428	3	2	1
OvaryLM	OvaryLM_2	15	33872177	43893072	102	2	2	0
OvaryLM	OvaryLM_2	15	44849698	102224341	254	3	2	1
OvaryLM	OvaryLM_2	16	774692	25263278	187	2	2	0
OvaryLM	OvaryLM_2	16	48258198	90124871	273	3	2	1
OvaryLM	OvaryLM_2	17	650309	21319943	285	3	2	1
OvaryLM	OvaryLM_2	17	26092631	81043039	561	3	2	1
OvaryLM	OvaryLM_2	18	18534948	77918221	146	2	2	0
OvaryLM	OvaryLM_2	19	407900	24310032	537	4	2	2
OvaryLM	OvaryLM_2	19	30193653	59082605	558	4	2	2
OvaryLM	OvaryLM_2	20	30064331	62871232	147	5	3	2
OvaryLM	OvaryLM_2	21	14982577	47704896	147	2	1	1
OvaryLM	OvaryLM_2	22	17444640	45826880	232	2	2	0
OvaryLM	OvaryLM_2	X	3228411	57358200	110	2	2	0
OvaryLM	OvaryLM_2	X	68725640	154282912	125	2	1	1
OvaryLM	OvaryLM_3	1	2938265	116534852	537	2	2	0
OvaryLM	OvaryLM_3	1	143767513	249150116	703	5	3	2
OvaryLM	OvaryLM_3	2	224919	88879131	278	3	2	1
OvaryLM	OvaryLM_3	2	95542332	242815059	706	3	2	1
OvaryLM	OvaryLM_3	3	1262474	89521693	411	3	2	1
OvaryLM	OvaryLM_3	3	93593119	195505788	341	3	2	1
OvaryLM	OvaryLM_3	4	289877	48988450	177	2	2	0
OvaryLM	OvaryLM_3	4	53751932	190947046	295	2	2	0
OvaryLM	OvaryLM_3	5	50685505	180651231	380	3	2	1
OvaryLM	OvaryLM_3	6	26199454	32549428	159	4	2	2
OvaryLM	OvaryLM_3	6	32549497	57512678	201	5	3	2
OvaryLM	OvaryLM_3	6	69666684	170871064	263	2	2	0
OvaryLM	OvaryLM_3	7	878471	57194309	236	7	5	2
OvaryLM	OvaryLM_3	7	72418992	100488658	132	4	4	0
OvaryLM	OvaryLM_3	7	100680983	158902567	247	4	4	0
OvaryLM	OvaryLM_3	8	1514009	42044954	162	1	1	0
OvaryLM	OvaryLM_3	8	48885621	142200467	164	2	1	1
OvaryLM	OvaryLM_3	9	116800	43861081	127	5	3	2
OvaryLM	OvaryLM_3	9	69256816	141008876	376	3	2	1
OvaryLM	OvaryLM_3	10	93603	38407519	129	3	2	1
OvaryLM	OvaryLM_3	10	43088919	135438977	445	3	2	1
OvaryLM	OvaryLM_3	11	1019375	48347419	252	3	2	1
OvaryLM	OvaryLM_3	11	56954846	134244123	416	2	2	0
OvaryLM	OvaryLM_3	12	274647	32777362	186	3	2	1
OvaryLM	OvaryLM_3	12	38710819	133435716	445	3	2	1
OvaryLM	OvaryLM_3	13	20224387	115030714	217	6	5	1
OvaryLM	OvaryLM_3	14	19378030	105995534	424	3	2	1
OvaryLM	OvaryLM_3	15	44849698	102224341	254	3	2	1
OvaryLM	OvaryLM_3	16	681280	25263278	187	2	2	0
OvaryLM	OvaryLM_3	16	48258198	90124871	273	3	2	1
OvaryLM	OvaryLM_3	17	650309	21319943	283	3	2	1
OvaryLM	OvaryLM_3	17	26092631	45219336	250	3	2	1
OvaryLM	OvaryLM_3	17	45266522	81043039	260	3	2	1
OvaryLM	OvaryLM_3	18	18534948	77918221	145	2	2	0
OvaryLM	OvaryLM_3	19	422238	24310032	527	4	2	2
OvaryLM	OvaryLM_3	19	30193653	59082605	555	4	2	2
OvaryLM	OvaryLM_3	20	30064331	62871232	144	5	3	2
OvaryLM	OvaryLM_3	21	14982577	47704896	148	2	1	1
OvaryLM	OvaryLM_3	22	17444640	45767455	228	2	2	0
OvaryLM	OvaryLM_3	X	3228411	57358200	110	3	2	1
OvaryLM	OvaryLM_3	X	68725640	154282912	124	2	1	1
OvaryLM	OvaryLM_4	1	2938265	116243877	535	2	2	0
OvaryLM	OvaryLM_4	1	143767513	249150116	705	5	3	2
OvaryLM	OvaryLM_4	2	224919	88879131	281	3	2	1
OvaryLM	OvaryLM_4	2	95542332	242815059	707	3	2	1
OvaryLM	OvaryLM_4	3	1262474	89521693	413	3	2	1
OvaryLM	OvaryLM_4	3	93593119	195456561	340	3	2	1
OvaryLM	OvaryLM_4	4	289877	48988450	178	2	2	0
OvaryLM	OvaryLM_4	4	53751932	187630590	286	2	2	0
OvaryLM	OvaryLM_4	5	50685505	180651231	381	3	2	1
OvaryLM	OvaryLM_4	6	348155	31238910	164	5	3	2
OvaryLM	OvaryLM_4	6	32549611	57512678	193	5	3	2
OvaryLM	OvaryLM_4	6	69666684	170871064	264	2	2	0
OvaryLM	OvaryLM_4	7	878471	57194309	238	7	5	2
OvaryLM	OvaryLM_4	7	72418992	100547308	137	4	4	0
OvaryLM	OvaryLM_4	7	100680538	158902567	251	4	4	0
OvaryLM	OvaryLM_4	8	1514009	42044954	162	1	1	0
OvaryLM	OvaryLM_4	8	48885621	146067054	237	2	1	1
OvaryLM	OvaryLM_4	9	116800	43861081	127	5	3	2
OvaryLM	OvaryLM_4	9	69256816	141008876	376	3	2	1
OvaryLM	OvaryLM_4	10	93603	38407519	129	3	2	1
OvaryLM	OvaryLM_4	10	43088919	135438977	448	3	2	1
OvaryLM	OvaryLM_4	11	1019375	48347419	255	3	2	1
OvaryLM	OvaryLM_4	11	56954846	134244123	417	2	2	0
OvaryLM	OvaryLM_4	12	274647	32777362	186	3	2	1
OvaryLM	OvaryLM_4	12	38710819	133435716	445	3	2	1
OvaryLM	OvaryLM_4	13	20224387	115030714	222	6	5	1
OvaryLM	OvaryLM_4	14	19378030	105995534	427	3	2	1
OvaryLM	OvaryLM_4	15	44849698	102224341	255	3	2	1
OvaryLM	OvaryLM_4	16	774692	25263278	186	2	2	0
OvaryLM	OvaryLM_4	16	48258198	90124871	275	3	2	1
OvaryLM	OvaryLM_4	17	650309	21319943	285	3	2	1
OvaryLM	OvaryLM_4	17	26092631	81043039	561	3	2	1
OvaryLM	OvaryLM_4	18	18534948	77918221	146	2	2	0
OvaryLM	OvaryLM_4	19	407900	8987218	247	4	2	2
OvaryLM	OvaryLM_4	19	9024871	24310032	263	4	2	2
OvaryLM	OvaryLM_4	19	30193653	59082605	557	4	2	2
OvaryLM	OvaryLM_4	20	30064331	62871232	146	5	3	2
OvaryLM	OvaryLM_4	21	14982577	47704896	148	2	1	1
OvaryLM	OvaryLM_4	22	17444640	45826880	232	2	2	0
OvaryLM	OvaryLM_4	X	3228411	57358200	110	3	2	1
OvaryLM	OvaryLM_4	X	68725640	154282912	125	3	2	1
OvaryLM	OvaryLM_5	1	2938265	116243877	537	2	2	0
OvaryLM	OvaryLM_5	1	143767513	240341268	658	5	3	2
OvaryLM	OvaryLM_5	2	224919	88879131	282	3	2	1
OvaryLM	OvaryLM_5	2	95542332	242815059	707	3	2	1
OvaryLM	OvaryLM_5	3	1262474	89521693	414	3	2	1
OvaryLM	OvaryLM_5	3	93593119	195505788	341	3	2	1
OvaryLM	OvaryLM_5	4	289877	48988450	178	2	2	0
OvaryLM	OvaryLM_5	4	53751932	190947046	296	2	2	0
OvaryLM	OvaryLM_5	5	50685505	180651231	381	3	2	1
OvaryLM	OvaryLM_5	6	348155	57512678	426	5	3	2
OvaryLM	OvaryLM_5	6	69666684	170871064	264	2	2	0
OvaryLM	OvaryLM_5	7	878471	57194309	238	7	5	2
OvaryLM	OvaryLM_5	7	72178756	100488658	138	4	4	0
OvaryLM	OvaryLM_5	7	100680983	158902567	251	4	4	0
OvaryLM	OvaryLM_5	8	1514009	42044954	164	1	1	0
OvaryLM	OvaryLM_5	8	48885621	143994702	183	2	1	1
OvaryLM	OvaryLM_5	9	116800	43861081	127	5	3	2
OvaryLM	OvaryLM_5	9	69256816	136536679	311	3	2	1
OvaryLM	OvaryLM_5	10	93603	38407519	129	3	2	1
OvaryLM	OvaryLM_5	10	43088919	135438977	449	3	2	1
OvaryLM	OvaryLM_5	11	1254268	48347419	250	3	2	1
OvaryLM	OvaryLM_5	11	56954846	134244123	417	2	2	0
OvaryLM	OvaryLM_5	12	274647	32777362	186	3	2	1
OvaryLM	OvaryLM_5	12	38710819	133435716	445	3	2	1
OvaryLM	OvaryLM_5	13	20224387	115030714	222	6	5	1
OvaryLM	OvaryLM_5	14	19378030	105995534	428	3	2	1
OvaryLM	OvaryLM_5	15	33872177	43893072	101	2	2	0
OvaryLM	OvaryLM_5	15	44849698	102224341	256	3	2	1
OvaryLM	OvaryLM_5	16	774692	25263278	187	2	2	0
OvaryLM	OvaryLM_5	16	48258198	90124871	276	3	2	1
OvaryLM	OvaryLM_5	17	650309	21319943	285	3	2	1
OvaryLM	OvaryLM_5	17	26092631	45229261	268	3	2	1
OvaryLM	OvaryLM_5	17	45234702	81043039	277	3	2	1
OvaryLM	OvaryLM_5	18	18534948	77918221	146	2	2	0
OvaryLM	OvaryLM_5	19	407900	24310032	538	4	2	2
OvaryLM	OvaryLM_5	19	30193653	49519466	273	4	2	2
OvaryLM	OvaryLM_5	19	49929747	59082605	273	4	2	2
OvaryLM	OvaryLM_5	20	30064331	62871232	147	5	3	2
OvaryLM	OvaryLM_5	21	14982577	47704896	148	2	1	1
OvaryLM	OvaryLM_5	22	17444640	45937149	234	2	2	0
OvaryLM	OvaryLM_5	X	3228411	57358200	110	3	2	1
OvaryLM	OvaryLM_5	X	68725640	154282912	127	3	2	1
OvaryRM	OvaryRM_1	1	2938697	117311147	553	2	2	0
OvaryRM	OvaryRM_1	1	143767513	240341268	655	4	2	2
OvaryRM	OvaryRM_1	2	224919	88879131	281	3	2	1
OvaryRM	OvaryRM_1	2	95542332	242815059	703	3	2	1
OvaryRM	OvaryRM_1	3	1262474	89521693	412	3	2	1
OvaryRM	OvaryRM_1	3	93593119	195456561	340	4	2	2
OvaryRM	OvaryRM_1	4	289877	48988450	177	2	2	0
OvaryRM	OvaryRM_1	4	53751932	190947046	295	2	2	0
OvaryRM	OvaryRM_1	5	50685505	180651231	378	3	2	1
OvaryRM	OvaryRM_1	6	348155	57512678	426	5	3	2
OvaryRM	OvaryRM_1	6	69666684	170871064	261	2	2	0
OvaryRM	OvaryRM_1	7	878471	57194309	238	7	5	2
OvaryRM	OvaryRM_1	7	72178756	100547308	143	4	4	0
OvaryRM	OvaryRM_1	7	100680983	158902567	249	4	4	0
OvaryRM	OvaryRM_1	8	1514009	42044954	162	1	1	0
OvaryRM	OvaryRM_1	8	48885621	146067054	233	2	1	1
OvaryRM	OvaryRM_1	9	116800	43861081	127	6	5	1
OvaryRM	OvaryRM_1	9	69256816	141008876	376	3	2	1
OvaryRM	OvaryRM_1	10	93603	38407519	129	4	2	2
OvaryRM	OvaryRM_1	10	43088919	135438977	448	3	2	1
OvaryRM	OvaryRM_1	11	1258175	48347419	248	5	3	2
OvaryRM	OvaryRM_1	11	56954846	134244123	417	2	2	0
OvaryRM	OvaryRM_1	12	274647	32777362	186	3	2	1
OvaryRM	OvaryRM_1	12	38710819	133435716	445	3	2	1
OvaryRM	OvaryRM_1	13	20224387	115030714	218	6	5	1
OvaryRM	OvaryRM_1	14	19378030	105995534	425	3	2	1
OvaryRM	OvaryRM_1	15	32322882	43891426	109	2	2	0
OvaryRM	OvaryRM_1	15	43893072	102224341	255	3	2	1
OvaryRM	OvaryRM_1	16	778158	25263278	183	2	2	0
OvaryRM	OvaryRM_1	16	48258198	90124871	273	3	2	1
OvaryRM	OvaryRM_1	17	650309	21319943	282	3	2	1
OvaryRM	OvaryRM_1	17	26092631	81043039	559	3	2	1
OvaryRM	OvaryRM_1	18	18534948	77918221	145	2	2	0
OvaryRM	OvaryRM_1	19	422238	24310032	530	4	2	2
OvaryRM	OvaryRM_1	19	30193653	59082605	556	4	2	2
OvaryRM	OvaryRM_1	20	30064331	62871232	145	5	3	2
OvaryRM	OvaryRM_1	21	14982577	47704896	148	2	1	1
OvaryRM	OvaryRM_1	22	17444640	45767455	229	2	2	0
OvaryRM	OvaryRM_1	X	3228411	57358200	110	3	2	1
OvaryRM	OvaryRM_1	X	68725640	154282912	123	3	2	1
OvaryRM	OvaryRM_2	1	2938265	117142641	540	2	2	0
OvaryRM	OvaryRM_2	1	144855866	240341268	638	4	2	2
OvaryRM	OvaryRM_2	2	224919	88879131	282	3	2	1
OvaryRM	OvaryRM_2	2	95542332	242815059	708	3	2	1
OvaryRM	OvaryRM_2	3	1262474	89521693	412	3	2	1
OvaryRM	OvaryRM_2	3	93593119	140784964	193	3	2	1
OvaryRM	OvaryRM_2	3	141535558	195456561	146	4	2	2
OvaryRM	OvaryRM_2	4	289877	48988450	179	2	2	0
OvaryRM	OvaryRM_2	4	53751932	190947046	296	2	2	0
OvaryRM	OvaryRM_2	5	50685505	180651231	381	3	2	1
OvaryRM	OvaryRM_2	6	348155	57512678	428	5	3	2
OvaryRM	OvaryRM_2	6	69666684	170871064	264	2	2	0
OvaryRM	OvaryRM_2	7	878471	57194309	237	7	5	2
OvaryRM	OvaryRM_2	7	72178756	100549548	153	4	4	0
OvaryRM	OvaryRM_2	7	100680983	158902567	250	4	4	0
OvaryRM	OvaryRM_2	8	1514009	42044954	162	1	1	0
OvaryRM	OvaryRM_2	8	48885621	144295782	187	2	1	1
OvaryRM	OvaryRM_2	9	116800	43861081	127	6	5	1
OvaryRM	OvaryRM_2	9	69256816	141008876	378	3	2	1
OvaryRM	OvaryRM_2	10	93603	38407519	129	4	2	2
OvaryRM	OvaryRM_2	10	43088919	135438977	448	3	2	1
OvaryRM	OvaryRM_2	11	1019375	48347419	254	4	2	2
OvaryRM	OvaryRM_2	11	56954846	134244123	418	2	2	0
OvaryRM	OvaryRM_2	12	274647	32777362	186	3	2	1
OvaryRM	OvaryRM_2	12	38710819	133435716	445	3	2	1
OvaryRM	OvaryRM_2	13	20224387	115030714	221	6	5	1
OvaryRM	OvaryRM_2	14	19378030	105995534	426	3	2	1
OvaryRM	OvaryRM_2	15	44849698	102224341	254	3	2	1
OvaryRM	OvaryRM_2	16	774692	25263278	188	2	2	0
OvaryRM	OvaryRM_2	16	48258198	90124871	274	3	2	1
OvaryRM	OvaryRM_2	17	650309	21319943	285	3	2	1
OvaryRM	OvaryRM_2	17	26092631	81043039	562	3	2	1
OvaryRM	OvaryRM_2	18	18534948	77918221	146	2	2	0
OvaryRM	OvaryRM_2	19	407900	8987218	242	4	2	2
OvaryRM	OvaryRM_2	19	9019605	24310032	265	4	2	2
OvaryRM	OvaryRM_2	19	30193653	59082605	558	4	2	2
OvaryRM	OvaryRM_2	20	30064331	62871232	147	5	3	2
OvaryRM	OvaryRM_2	21	14982577	47704896	148	2	1	1
OvaryRM	OvaryRM_2	22	17444640	45826880	234	2	2	0
OvaryRM	OvaryRM_2	X	3228411	57358200	110	3	2	1
OvaryRM	OvaryRM_2	X	68725640	154282912	125	3	2	1
OvaryRM	OvaryRM_3	1	2938697	117311147	556	2	2	0
OvaryRM	OvaryRM_3	1	143767513	240341268	658	4	2	2
OvaryRM	OvaryRM_3	2	224919	88879131	282	3	2	1
OvaryRM	OvaryRM_3	2	95542332	242815059	707	3	2	1
OvaryRM	OvaryRM_3	3	1262474	89521693	413	3	2	1
OvaryRM	OvaryRM_3	3	93593119	140407260	191	3	2	1
OvaryRM	OvaryRM_3	3	140675469	195453243	143	4	2	2
OvaryRM	OvaryRM_3	4	289877	48988450	177	2	2	0
OvaryRM	OvaryRM_3	4	53751932	190947046	296	2	2	0
OvaryRM	OvaryRM_3	5	50685505	180651231	380	3	2	1
OvaryRM	OvaryRM_3	6	348155	57512678	427	5	3	2
OvaryRM	OvaryRM_3	6	69666684	170871064	265	2	2	0
OvaryRM	OvaryRM_3	7	878471	57194309	237	7	5	2
OvaryRM	OvaryRM_3	7	72178756	100549548	153	4	4	0
OvaryRM	OvaryRM_3	7	100680538	158902567	252	4	4	0
OvaryRM	OvaryRM_3	8	1514009	42044954	162	1	1	0
OvaryRM	OvaryRM_3	8	48885621	146067054	236	2	1	1
OvaryRM	OvaryRM_3	9	16830	43861081	128	6	5	1
OvaryRM	OvaryRM_3	9	69256816	141008876	378	3	2	1
OvaryRM	OvaryRM_3	10	93603	38407519	129	4	2	2
OvaryRM	OvaryRM_3	10	43088919	135438977	448	3	2	1
OvaryRM	OvaryRM_3	11	1253969	48347419	251	3	2	1
OvaryRM	OvaryRM_3	11	55136125	134244123	515	2	2	0
OvaryRM	OvaryRM_3	12	274647	32777362	186	3	2	1
OvaryRM	OvaryRM_3	12	38710819	133435716	446	3	2	1
OvaryRM	OvaryRM_3	13	20224387	115030714	218	6	5	1
OvaryRM	OvaryRM_3	14	19378030	105995534	427	3	2	1
OvaryRM	OvaryRM_3	15	44849698	102264304	254	3	2	1
OvaryRM	OvaryRM_3	16	774692	25263278	187	2	2	0
OvaryRM	OvaryRM_3	16	48258198	90124871	273	3	2	1
OvaryRM	OvaryRM_3	17	650309	21319943	287	3	2	1
OvaryRM	OvaryRM_3	17	26092631	81043039	561	3	2	1
OvaryRM	OvaryRM_3	18	18534948	77918221	146	2	2	0
OvaryRM	OvaryRM_3	19	407900	8808373	238	4	2	2
OvaryRM	OvaryRM_3	19	9024871	24310032	262	4	2	2
OvaryRM	OvaryRM_3	19	30193653	59082605	556	4	2	2
OvaryRM	OvaryRM_3	20	30064331	62871232	146	5	3	2
OvaryRM	OvaryRM_3	21	14982577	47704896	148	2	1	1
OvaryRM	OvaryRM_3	22	17444640	45937149	235	2	2	0
OvaryRM	OvaryRM_3	X	3228411	57358200	110	3	2	1
OvaryRM	OvaryRM_3	X	68725640	154282912	126	3	2	1
OvaryRM	OvaryRM_4	1	2938697	116243877	535	2	2	0
OvaryRM	OvaryRM_4	1	144855866	240341268	638	4	2	2
OvaryRM	OvaryRM_4	2	224919	88879131	281	3	2	1
OvaryRM	OvaryRM_4	2	95542332	242815059	707	3	2	1
OvaryRM	OvaryRM_4	3	1262474	89521693	414	3	2	1
OvaryRM	OvaryRM_4	3	93593119	140784964	193	3	2	1
OvaryRM	OvaryRM_4	3	141535558	195452799	137	4	2	2
OvaryRM	OvaryRM_4	4	289877	48988450	178	2	2	0
OvaryRM	OvaryRM_4	4	53751932	190947046	295	2	2	0
OvaryRM	OvaryRM_4	5	50685505	180651231	381	3	2	1
OvaryRM	OvaryRM_4	6	348155	57512678	427	5	3	2
OvaryRM	OvaryRM_4	6	69666684	170871064	264	2	2	0
OvaryRM	OvaryRM_4	7	878471	57194309	239	7	5	2
OvaryRM	OvaryRM_4	7	72178756	100547308	143	4	4	0
OvaryRM	OvaryRM_4	7	100680538	158902567	251	4	4	0
OvaryRM	OvaryRM_4	8	1514009	42044954	162	1	1	0
OvaryRM	OvaryRM_4	8	48885621	146067054	235	2	1	1
OvaryRM	OvaryRM_4	9	16830	43861081	129	6	4	2
OvaryRM	OvaryRM_4	9	69256816	141008876	379	3	2	1
OvaryRM	OvaryRM_4	10	93603	38407519	130	4	2	2
OvaryRM	OvaryRM_4	10	43088919	135438977	448	3	2	1
OvaryRM	OvaryRM_4	11	1258175	48347419	249	3	2	1
OvaryRM	OvaryRM_4	11	56954846	134244123	419	2	2	0
OvaryRM	OvaryRM_4	12	274647	32777362	186	3	2	1
OvaryRM	OvaryRM_4	12	38710819	133435716	445	3	2	1
OvaryRM	OvaryRM_4	13	25671369	115030714	144	6	5	1
OvaryRM	OvaryRM_4	14	19378030	105995534	427	3	2	1
OvaryRM	OvaryRM_4	15	33872177	43893072	102	2	2	0
OvaryRM	OvaryRM_4	15	44849698	102224341	255	3	2	1
OvaryRM	OvaryRM_4	16	774692	25263278	187	2	2	0
OvaryRM	OvaryRM_4	16	57786711	90124871	246	3	2	1
OvaryRM	OvaryRM_4	17	650309	21319943	286	3	2	1
OvaryRM	OvaryRM_4	17	26092631	45234477	270	3	2	1
OvaryRM	OvaryRM_4	17	45234706	81043039	277	3	2	1
OvaryRM	OvaryRM_4	18	18534948	77918221	146	2	2	0
OvaryRM	OvaryRM_4	19	407900	8987218	247	4	2	2
OvaryRM	OvaryRM_4	19	9019605	24310032	266	4	2	2
OvaryRM	OvaryRM_4	19	30193653	59082605	556	4	2	2
OvaryRM	OvaryRM_4	20	30064331	62871232	147	5	3	2
OvaryRM	OvaryRM_4	21	14982577	47704896	148	2	1	1
OvaryRM	OvaryRM_4	22	17444640	45937149	235	2	2	0
OvaryRM	OvaryRM_4	X	3228411	57358200	110	3	2	1
OvaryRM	OvaryRM_4	X	68725640	154282912	126	3	2	1
OvaryRM	OvaryRM_5	1	2938697	116243877	535	2	2	0
OvaryRM	OvaryRM_5	1	143767513	240341268	657	4	2	2
OvaryRM	OvaryRM_5	2	224919	88879131	282	3	2	1
OvaryRM	OvaryRM_5	2	95542332	242815059	707	3	2	1
OvaryRM	OvaryRM_5	3	1262474	89521693	411	3	2	1
OvaryRM	OvaryRM_5	3	93593119	133698349	173	3	2	1
OvaryRM	OvaryRM_5	3	133941320	195453257	162	4	2	2
OvaryRM	OvaryRM_5	4	289877	48988450	178	2	2	0
OvaryRM	OvaryRM_5	4	53751932	190947046	296	2	2	0
OvaryRM	OvaryRM_5	5	50685505	180651231	381	3	2	1
OvaryRM	OvaryRM_5	6	348155	57512678	428	5	3	2
OvaryRM	OvaryRM_5	6	62390916	170871064	281	2	2	0
OvaryRM	OvaryRM_5	7	878471	57194309	238	7	5	2
OvaryRM	OvaryRM_5	7	72178756	100547308	143	4	4	0
OvaryRM	OvaryRM_5	7	100634476	158902567	313	4	4	0
OvaryRM	OvaryRM_5	8	1514009	42044954	162	1	1	0
OvaryRM	OvaryRM_5	8	48885621	146067054	237	2	1	1
OvaryRM	OvaryRM_5	9	116800	43861081	127	7	5	2
OvaryRM	OvaryRM_5	9	69256816	141008876	378	3	2	1
OvaryRM	OvaryRM_5	10	93603	38407519	129	4	2	2
OvaryRM	OvaryRM_5	10	43088919	126683225	352	3	2	1
OvaryRM	OvaryRM_5	11	1019375	48347419	253	3	2	1
OvaryRM	OvaryRM_5	11	56954846	134244123	419	2	2	0
OvaryRM	OvaryRM_5	12	274647	32777362	186	3	2	1
OvaryRM	OvaryRM_5	12	38710819	133435716	445	3	2	1
OvaryRM	OvaryRM_5	13	20224387	115030714	220	6	5	1
OvaryRM	OvaryRM_5	14	19378030	105995534	427	3	2	1
OvaryRM	OvaryRM_5	15	44849698	102224341	255	3	2	1
OvaryRM	OvaryRM_5	16	129654	25263278	203	2	2	0
OvaryRM	OvaryRM_5	16	48258198	90124871	273	3	2	1
OvaryRM	OvaryRM_5	17	650309	21319943	286	3	2	1
OvaryRM	OvaryRM_5	17	26092631	81043039	561	3	2	1
OvaryRM	OvaryRM_5	18	18534948	77918221	145	2	2	0
OvaryRM	OvaryRM_5	19	407900	24310032	535	4	2	2
OvaryRM	OvaryRM_5	19	30193653	59082605	556	4	2	2
OvaryRM	OvaryRM_5	20	30064331	62871232	146	5	3	2
OvaryRM	OvaryRM_5	21	14982577	47704896	148	2	1	1
OvaryRM	OvaryRM_5	22	17444640	45767455	230	2	2	0
OvaryRM	OvaryRM_5	X	3228411	57358200	110	3	2	1
OvaryRM	OvaryRM_5	X	68725640	154282912	127	3	2	1
OvaryRM	OvaryRM_6	1	2938265	117311147	557	2	2	0
OvaryRM	OvaryRM_6	1	143767513	240341268	657	4	2	2
OvaryRM	OvaryRM_6	2	224919	88879131	282	3	2	1
OvaryRM	OvaryRM_6	2	95542332	242815059	705	3	2	1
OvaryRM	OvaryRM_6	3	1262474	89521693	413	3	2	1
OvaryRM	OvaryRM_6	3	93593119	195453014	334	3	2	1
OvaryRM	OvaryRM_6	4	289877	48988450	178	2	2	0
OvaryRM	OvaryRM_6	4	53751932	190947046	295	2	2	0
OvaryRM	OvaryRM_6	5	50685505	180651231	380	3	2	1
OvaryRM	OvaryRM_6	6	348155	57512678	428	5	3	2
OvaryRM	OvaryRM_6	6	69666684	170871064	264	2	2	0
OvaryRM	OvaryRM_6	7	878471	57194309	237	7	5	2
OvaryRM	OvaryRM_6	7	72178756	100488658	138	4	4	0
OvaryRM	OvaryRM_6	7	100634476	158902567	312	4	4	0
OvaryRM	OvaryRM_6	8	1514009	42044954	163	1	1	0
OvaryRM	OvaryRM_6	8	48885621	146067054	237	2	1	1
OvaryRM	OvaryRM_6	9	116800	43861081	127	6	5	1
OvaryRM	OvaryRM_6	9	69256816	141008876	380	3	2	1
OvaryRM	OvaryRM_6	10	93603	38407519	129	4	2	2
OvaryRM	OvaryRM_6	10	43088919	126678092	323	3	2	1
OvaryRM	OvaryRM_6	11	1258217	48347419	244	3	2	1
OvaryRM	OvaryRM_6	11	57077464	134244123	417	2	2	0
OvaryRM	OvaryRM_6	12	274647	32777362	186	3	2	1
OvaryRM	OvaryRM_6	12	38710819	133435716	445	3	2	1
OvaryRM	OvaryRM_6	13	20224387	115030714	219	6	5	1
OvaryRM	OvaryRM_6	14	19378030	105995534	427	3	2	1
OvaryRM	OvaryRM_6	15	43818052	102264304	258	3	2	1
OvaryRM	OvaryRM_6	16	774692	25263278	187	2	2	0
OvaryRM	OvaryRM_6	16	48258198	90124871	274	3	2	1
OvaryRM	OvaryRM_6	17	650309	19750168	236	2	1	1
OvaryRM	OvaryRM_6	17	26092631	81043039	562	4	3	1
OvaryRM	OvaryRM_6	18	18534948	77918221	146	2	2	0
OvaryRM	OvaryRM_6	19	407900	24310032	536	4	2	2
OvaryRM	OvaryRM_6	19	30193653	59082605	559	4	2	2
OvaryRM	OvaryRM_6	20	30064331	62871232	147	5	3	2
OvaryRM	OvaryRM_6	21	14982577	47704896	148	2	1	1
OvaryRM	OvaryRM_6	22	17444640	45937149	234	2	2	0
OvaryRM	OvaryRM_6	X	3228411	57358200	110	3	2	1
OvaryRM	OvaryRM_6	X	68725640	154282912	126	3	2	1
UterusM	UterusM_1	1	2938265	121129557	585	2	2	0
UterusM	UterusM_1	1	143767513	240341268	659	3	2	1
UterusM	UterusM_1	2	224919	70408938	206	2	1	1
UterusM	UterusM_1	2	98128449	242815059	651	2	1	1
UterusM	UterusM_1	3	1262474	74344356	266	2	1	1
UterusM	UterusM_1	3	75713566	89521693	149	2	2	0
UterusM	UterusM_1	3	93593119	195453357	337	2	1	1
UterusM	UterusM_1	4	289877	48988450	178	1	1	0
UterusM	UterusM_1	4	53751932	190947046	296	1	1	0
UterusM	UterusM_1	5	50685505	180651231	382	2	1	1
UterusM	UterusM_1	6	348155	31238910	164	2	1	1
UterusM	UterusM_1	6	33136310	57512678	161	2	1	1
UterusM	UterusM_1	6	62390916	170871064	282	2	1	1
UterusM	UterusM_1	7	878471	57194309	238	4	3	1
UterusM	UterusM_1	7	63679733	158902567	617	3	3	0
UterusM	UterusM_1	8	1514009	42044954	164	1	1	0
UterusM	UterusM_1	8	48885621	146067054	236	1	1	0
UterusM	UterusM_1	9	116800	43861081	127	2	1	1
UterusM	UterusM_1	9	69256816	141008876	380	2	1	1
UterusM	UterusM_1	10	93603	38407519	130	3	2	1
UterusM	UterusM_1	10	43088919	126683225	354	2	1	1
UterusM	UterusM_1	11	1780205	48347419	230	2	1	1
UterusM	UterusM_1	11	56237487	134244123	450	1	1	0
UterusM	UterusM_1	12	274647	32777362	186	2	1	1
UterusM	UterusM_1	12	38710819	133435716	446	2	1	1
UterusM	UterusM_1	13	20224387	115030714	221	5	4	1
UterusM	UterusM_1	14	19378030	105995534	428	2	1	1
UterusM	UterusM_1	15	23931507	43891426	150	1	1	0
UterusM	UterusM_1	15	43893072	102224341	256	2	1	1
UterusM	UterusM_1	16	129654	25263278	209	1	1	0
UterusM	UterusM_1	16	48258198	90124871	277	2	1	1
UterusM	UterusM_1	17	650309	19750168	239	2	1	1
UterusM	UterusM_1	17	26092631	45221318	259	2	1	1
UterusM	UterusM_1	17	45364540	81043039	262	2	1	1
UterusM	UterusM_1	18	18534948	77918221	146	1	1	0
UterusM	UterusM_1	19	4512514	24310032	391	2	1	1
UterusM	UterusM_1	19	30193653	59082605	560	2	1	1
UterusM	UterusM_1	20	30064331	62871232	147	4	3	1
UterusM	UterusM_1	21	14982577	47704896	148	2	1	1
UterusM	UterusM_1	22	17444640	51183255	263	1	1	0
UterusM	UterusM_1	X	3228411	57358200	110	1	1	0
UterusM	UterusM_1	X	68725640	154282912	125	1	1	0
UterusM	UterusM_3	1	2938265	121129557	582	2	2	0
UterusM	UterusM_3	1	143767513	249150116	705	3	2	1
UterusM	UterusM_3	2	224919	88879131	282	2	1	1
UterusM	UterusM_3	2	95542332	242815059	707	2	1	1
UterusM	UterusM_3	3	1262474	73111368	259	2	1	1
UterusM	UterusM_3	3	73111809	89521693	156	2	2	0
UterusM	UterusM_3	3	93593119	195453357	337	2	1	1
UterusM	UterusM_3	4	289877	48988450	178	1	1	0
UterusM	UterusM_3	4	53751932	190947046	296	1	1	0
UterusM	UterusM_3	5	50685505	180651231	383	2	1	1
UterusM	UterusM_3	6	348155	31239614	179	2	1	1
UterusM	UterusM_3	6	32549611	57512678	192	2	1	1
UterusM	UterusM_3	6	62390916	170871064	282	2	1	1
UterusM	UterusM_3	7	878471	57194309	239	4	3	1
UterusM	UterusM_3	7	63679733	100549548	173	3	3	0
UterusM	UterusM_3	7	100635205	158902567	311	3	3	0
UterusM	UterusM_3	8	1514009	42044954	164	1	1	0
UterusM	UterusM_3	8	48885621	146067054	237	1	1	0
UterusM	UterusM_3	9	116800	43861081	127	2	1	1
UterusM	UterusM_3	9	69256816	141008876	379	2	1	1
UterusM	UterusM_3	10	93603	38407519	130	2	1	1
UterusM	UterusM_3	10	43088919	126683225	354	2	1	1
UterusM	UterusM_3	11	1780205	48347419	231	2	1	1
UterusM	UterusM_3	11	56237487	134244123	448	1	1	0
UterusM	UterusM_3	12	274647	32777362	186	2	1	1
UterusM	UterusM_3	12	38710819	133435716	446	2	1	1
UterusM	UterusM_3	13	20224387	115030714	221	5	4	1
UterusM	UterusM_3	14	19378030	105995534	429	2	1	1
UterusM	UterusM_3	15	20739739	44864894	182	1	1	0
UterusM	UterusM_3	15	44943757	102224341	253	2	1	1
UterusM	UterusM_3	16	129654	25263278	208	1	1	0
UterusM	UterusM_3	16	48258198	90124871	276	2	1	1
UterusM	UterusM_3	17	650309	21217513	259	2	1	1
UterusM	UterusM_3	17	26092631	45214699	227	2	1	1
UterusM	UterusM_3	17	45364540	81043039	263	2	1	1
UterusM	UterusM_3	18	18534948	77918221	146	1	1	0
UterusM	UterusM_3	19	9024871	24310032	262	2	1	1
UterusM	UterusM_3	19	30193653	59082605	561	2	1	1
UterusM	UterusM_3	20	30064331	62871232	147	4	3	1
UterusM	UterusM_3	21	14982577	47704896	151	2	1	1
UterusM	UterusM_3	22	17444640	51183255	263	1	1	0
UterusM	UterusM_3	X	3228411	57358200	110	1	1	0
UterusM	UterusM_3	X	68725640	154282912	128	2	1	1
